Дискриминант: 9.000000
x1=-0.500000
x2=-2.000000